55.725	 1
58.05	 65
61.3876	 193
84.4642	 193
93.325	 1
111.388	 193
112.075	 1
114.8	 65
136.6	 1
138.625	 65
140.331	 193
165.5	 1
165.802	 193
186.792	 193
208.273	 193
235.245	 193
253.534	 193
293.831	 193
307.32	 193
336.854	 193
355.061	 193
361.525	 1
381.661	 193
387.475	 1
397.465	 193
424.27	 193
450.834	 193
488.271	 193
505.687	 193
529.688	 193
553.325	 193
584.609	 193
611.875	 1
612.609	 193
625.012	 193
640.35	 1
643.875	 65
653.184	 193
686.367	 193
705.467	 193
736.607	 193
758.905	 193
785.002	 193
802.864	 193
826.404	 193
863.075	 1
864.487	 193
890	 1
893.638	 193
894.15	 65
904.357	 193
914.875	 1
931.05	 193
950.823	 193
981.993	 193
1006.26	 193
1034.11	 193
1061.59	 193
1081.52	 193
1105.8	 193
1111.65	 1
1132.25	 193
1137.65	 1
1165.45	 1
1166.51	 193
1185.33	 193
1207.28	 193
1235.23	 193
1265.14	 193
1284.98	 193
1302.04	 193
1332.26	 193
1355.91	 193
1359.88	 1
1361.95	 65
1382.2	 193
1403.88	 193
1416.3	 1
1419.63	 65
1437.33	 193
1458.99	 193
1489.84	 193
1506.65	 193
1536.76	 193
1565.13	 193
1584.64	 193
1605.5	 1
1610.9	 193
1635.45	 1
1637.71	 193
1657.54	 193
1662.83	 1
1689.68	 193
1705.64	 193
1739.66	 193
1754.44	 193
1780.29	 193
1800.04	 193
1828.91	 193
1836.58	 1
1839.6	 65
1856.17	 193
1868.48	 1
1882.68	 193
1902.57	 193
1913.95	 1
1934.63	 193
1953.25	 193
1985.97	 193
2010.19	 193
2026.06	 193
55.725	 2
93.325	 2
112.075	 2
136.6	 2
165.5	 2
361.525	 2
387.475	 2
611.875	 2
640.35	 2
863.075	 2
890	 2
914.875	 2
1111.65	 2
1137.65	 2
1165.45	 2
1359.88	 2
1416.3	 2
1605.5	 2
1635.45	 2
1662.83	 2
1836.58	 2
1868.48	 2
1913.95	 2
58.65	 3
59.025	 67
59.2389	 195
83.5992	 195
109.239	 195
115.175	 67
116.425	 3
132.074	 195
156.816	 195
175.18	 195
201.133	 195
234.116	 195
253.346	 195
287.467	 195
306.605	 195
336.945	 195
362.824	 195
386.149	 195
399.741	 195
432.848	 195
457.412	 195
481.585	 195
514.443	 195
534.763	 195
557.513	 195
582.273	 195
614.66	 195
627.586	 195
651.485	 195
684.996	 195
711.339	 195
737.278	 195
765.551	 195
786.975	 195
807.086	 195
837.96	 195
861.091	 195
887.036	 195
899.99	 195
935.497	 195
962.964	 195
986.182	 195
1008.83	 195
1030.64	 195
1053.66	 195
1082	 195
1101.17	 195
1123.94	 195
1160.66	 195
1174.23	 195
1202.32	 195
1241.84	 195
1256.92	 195
1279.5	 195
1311.25	 195
1332.94	 195
1355.52	 195
1361.93	 67
1394.39	 195
1411.13	 195
1435.33	 195
1465.98	 195
1480.07	 195
1511.8	 195
1529.77	 195
1554.7	 195
1593.12	 195
1607.14	 195
1629.31	 195
1659.98	 195
1692.43	 195
1704.63	 195
1733.32	 195
1759.05	 195
1781.82	 195
1802.8	 195
1838.38	 195
1858.08	 195
1889.76	 195
1912.24	 195
1939.44	 195
1963.24	 195
1986.9	 195
2013.95	 195
2017.75	 195
58.65	 68
116.375	 68
61.6015	 133
92.8149	 133
111.601	 133
133.291	 133
161.015	 133
189.886	 133
215.493	 133
237.888	 133
262.947	 133
289.762	 133
304.074	 133
333.045	 133
357.479	 133
390.195	 133
412.655	 133
434.726	 133
456.501	 133
491.401	 133
503.158	 133
531.783	 133
558.638	 133
581.778	 133
608.865	 133
623.749	 133
659.457	 133
693.846	 133
715.921	 133
736.89	 133
753.4	 133
779.141	 133
807.117	 133
830.186	 133
861.665	 133
886.573	 133
899.473	 133
932.556	 133
954.825	 133
994.456	 133
1007.72	 133
1037.76	 133
1066.02	 133
1087.16	 133
1110.63	 133
1132.24	 133
1159.81	 133
1182.01	 133
1208.67	 133
1226.58	 133
1262.95	 133
1289.13	 133
1309.63	 133
1328.54	 133
1365.71	 133
1383.89	 133
1416.1	 133
1438.77	 133
1468.07	 133
1481.51	 133
1505.28	 133
1531.06	 133
1558.96	 133
1593.13	 133
1600.94	 133
1632.86	 133
1661.81	 133
1687.05	 133
1711.63	 133
1732.52	 133
1764.13	 133
1786.76	 133
1809.79	 133
1837.31	 133
1861.11	 133
1881.61	 133
1912.07	 133
1933.93	 133
1960.15	 133
1985.32	 133
2012.98	 133
2033.3	 133
115.3	 70
55.725	 7
93.275	 7
112.1	 7
136.575	 7
165.5	 7
361.525	 7
387.475	 7
611.875	 7
640.35	 7
863.075	 7
889.975	 7
914.875	 7
1111.65	 7
1137.65	 7
1165.45	 7
1359.88	 7
1416.3	 7
1605.5	 7
1635.45	 7
1662.83	 7
1836.58	 7
1868.43	 7
1913.95	 7
115.75	 72
115.775	 8
59.8	 9
113.725	 9
115.75	 73
892.6	 9
1362.7	 9
1637.38	 9
59.025	 10
59.7	 74
115.175	 10
116.625	 74
1361.93	 10
55.725	 11
93.325	 11
112.075	 11
136.6	 11
165.5	 11
361.525	 11
387.475	 11
611.875	 11
640.35	 11
863.075	 11
890	 11
914.875	 11
1111.65	 11
1137.65	 11
1165.45	 11
1359.88	 11
1416.3	 11
1605.5	 11
1635.45	 11
1662.83	 11
1836.58	 11
1868.48	 11
1913.95	 11
58.5686	 140
58.65	 12
77.3917	 140
108.569	 140
116.375	 12
131.381	 140
161.573	 140
186.154	 140
202.708	 140
232.291	 140
257.981	 140
286.864	 140
311.697	 140
335.387	 140
357.947	 140
388.607	 140
416.643	 140
424.457	 140
457.624	 140
483.918	 140
507.125	 140
523.076	 140
556.875	 140
594.148	 140
607.359	 140
640.963	 140
656.081	 140
684.405	 140
724.37	 140
737.614	 140
766.476	 140
786.856	 140
809.983	 140
831.038	 140
867.173	 140
885.295	 140
910.768	 140
937.387	 140
958.068	 140
974.824	 140
1018.24	 140
1035.04	 140
1053.26	 140
1084.07	 140
1111.01	 140
1132.3	 140
1154.41	 140
1188.17	 140
1209.96	 140
1233.85	 140
1261.09	 140
1284.83	 140
1308.72	 140
1326.31	 140
1367.92	 140
1376.42	 140
1411.4	 140
1426.64	 140
1452.12	 140
1484.96	 140
1515.24	 140
1522.79	 140
1555.82	 140
1586.13	 140
1607.25	 140
1627.92	 140
1658.91	 140
1695.15	 140
1715.72	 140
1726.51	 140
1756.34	 140
1782.09	 140
1811.39	 140
1832.53	 140
1865.38	 140
1884.57	 140
1921.35	 140
1940.2	 140
1957.74	 140
1980.3	 140
1995.24	 140
2032.62	 140
48.6376	 205
58.65	 77
77.1964	 205
98.6376	 205
114.675	 13
116.35	 77
117.681	 205
138.6	 13
146.656	 205
168.817	 205
199.835	 205
224.929	 205
254.496	 205
285.686	 205
299.817	 205
329.231	 205
356.057	 205
377.125	 205
401.879	 205
429.983	 205
449.683	 205
470.757	 205
502.869	 205
527.426	 205
552.015	 205
570.549	 205
599.212	 205
630.847	 205
650.147	 205
682.515	 205
702.763	 205
722.578	 205
750.275	 205
773.708	 205
807.497	 205
812.435	 205
849.101	 205
870.147	 205
892.2	 13
904.601	 205
916.093	 205
941.801	 205
970.77	 205
993.843	 205
1025.01	 205
1045.79	 205
1077.26	 205
1103.26	 205
1127.22	 205
1156.87	 205
1185.86	 205
1199.75	 205
1219.66	 205
1244.35	 205
1271.85	 205
1306.32	 205
1329.3	 205
1354.89	 205
1361.85	 13
1378.45	 205
1409.18	 205
1426.72	 205
1450.36	 205
1472.98	 205
1511.56	 205
1529.91	 205
1548.29	 205
1578.61	 205
1601.29	 205
1620.27	 205
1642.66	 205
1679.16	 205
1694.16	 205
1722.38	 205
1738.88	 205
1771.34	 205
1794.31	 205
1819.02	 205
1841.55	 13
1850.69	 205
1872.86	 205
1892.19	 205
1918.87	 205
1955.62	 205
1976.17	 205
2005.83	 205
2026.18	 205
2042.74	 205
43.2264	 206
55.725	 78
75.7159	 206
93.2264	 206
93.3	 78
112.1	 78
130.799	 206
136.575	 78
159.902	 206
165.5	 78
175.805	 206
196.754	 206
231.416	 206
250.592	 206
284.831	 206
299.77	 206
324.288	 206
341.811	 206
361.525	 78
381.973	 206
386.485	 206
387.475	 78
425.403	 206
449.357	 206
483.081	 206
494.272	 206
524.652	 206
550.668	 206
574.027	 206
607.012	 206
611.875	 78
625.836	 206
640.35	 78
642.67	 206
680.751	 206
702.31	 206
721.948	 206
747.809	 206
775.151	 206
789.2	 206
827.93	 206
857.144	 206
863.075	 78
875.34	 206
889.975	 78
894.873	 206
914.875	 78
922.967	 206
946.879	 206
980.721	 206
1002.17	 206
1031.03	 206
1043.01	 206
1075.92	 206
1101.33	 206
1111.65	 78
1121.56	 206
1137.65	 78
1149.87	 206
1165.45	 78
1170.78	 206
1203.24	 206
1223.89	 206
1255.11	 206
1274.96	 206
1300.27	 206
1329.57	 206
1350.95	 206
1359.88	 78
1375.7	 206
1403.76	 206
1416.3	 78
1424.73	 206
1449.34	 206
1474.19	 206
1501.62	 206
1525.75	 206
1545.78	 206
1577.49	 206
1599.76	 206
1605.5	 78
1629.72	 206
1635.45	 78
1647.62	 206
1662.83	 78
1673.47	 206
1697.93	 206
1728.84	 206
1752.88	 206
1771.61	 206
1796.84	 206
1827.1	 206
1836.58	 78
1854.75	 206
1868.43	 78
1875.1	 206
1898.36	 206
1913.95	 78
1923.23	 206
1950.18	 206
1973.17	 206
2001.93	 206
2033.99	 206
2048.25	 206
47.1563	 207
48.5535	 143
59.025	 79
78.6119	 143
82.2612	 207
97.1563	 207
98.5535	 143
115.175	 79
115.75	 15
119.389	 207
133.588	 143
156.147	 207
159.748	 143
177.929	 207
178.775	 143
194.878	 207
215.955	 143
223.637	 207
228.272	 143
250.358	 207
257.457	 143
275.23	 207
280.948	 143
302.652	 207
321.871	 207
324.562	 143
328.555	 143
352.597	 207
363.052	 143
372.277	 207
387.837	 143
395.122	 207
410.138	 143
429.326	 207
432.07	 143
450.214	 207
459.262	 143
470.647	 207
485.413	 143
499.942	 207
517.504	 143
519.71	 207
528.463	 143
550.742	 207
562.344	 143
574.809	 207
586.412	 143
591.744	 207
612.728	 143
616.613	 207
635.837	 143
648.58	 207
669.82	 143
682.528	 207
685.733	 143
699.519	 207
706.325	 143
727.866	 143
731.059	 207
754.553	 207
755.344	 143
770.304	 207
781.372	 143
799.155	 207
809.535	 143
830.608	 207
837.146	 143
852.069	 207
856.601	 143
875.173	 207
881.606	 143
892.241	 207
910.159	 143
920.968	 207
940.177	 143
952.136	 143
955.165	 207
983.795	 143
985.416	 207
1000.08	 207
1011.34	 143
1027.6	 207
1033.2	 143
1046.5	 207
1061.91	 143
1078.73	 143
1080.33	 207
1100.02	 143
1103.76	 207
1124.13	 207
1134.49	 143
1145.07	 207
1148.78	 143
1179.39	 207
1182.54	 143
1195.21	 207
1212.97	 143
1233.7	 207
1240.33	 143
1254.84	 207
1261.12	 143
1273.02	 207
1282.39	 143
1294.01	 207
1308.53	 143
1318.64	 207
1330.96	 143
1345.63	 207
1361.93	 79
1363.17	 143
1380.47	 207
1380.57	 143
1407.34	 207
1413.86	 143
1420.94	 207
1437.67	 143
1444.09	 207
1463.43	 143
1477.73	 207
1481.79	 143
1505.84	 207
1510.35	 143
1529.25	 143
1531.03	 207
1546.64	 207
1560.52	 143
1581.43	 207
1598.79	 143
1602.12	 207
1614.98	 143
1627.08	 207
1631.17	 143
1649.49	 207
1658.03	 143
1681.08	 207
1681.13	 143
1693.03	 207
1713.62	 143
1731.61	 207
1737.03	 143
1747.54	 207
1762.55	 143
1781.08	 143
1781.67	 207
1802.24	 207
1811.6	 143
1821.95	 207
1838.6	 143
1855.91	 207
1866.92	 143
1871.51	 207
1881.85	 143
1901.4	 207
1902.68	 143
1919.84	 207
1932.48	 143
1956.74	 143
1957.77	 207
1973.48	 207
1988.87	 143
2002.67	 207
2014.45	 143
2024.06	 207
2032.48	 143
54.8999	 208
55.7947	 144
83.7143	 208
87.6592	 144
104.9	 208
105.795	 144
123.232	 208
137.156	 144
152.761	 208
167.041	 144
171.883	 208
182.094	 144
201.951	 208
210.758	 144
217.741	 208
228.294	 144
253.593	 208
254.249	 144
268.213	 208
283.977	 144
303.532	 208
309.253	 144
327.838	 208
340.759	 144
345.828	 208
361.574	 144
366.421	 208
377.669	 144
402.328	 144
405.244	 208
421.988	 208
437.719	 144
454.021	 208
468.149	 144
478.551	 208
490.182	 144
492.16	 208
510.577	 144
529.378	 144
534.682	 208
548.752	 208
563.014	 144
565.875	 208
586.115	 144
604.735	 208
607.367	 144
629.136	 208
639.16	 144
650.962	 208
653.044	 144
671.025	 208
687.704	 144
699.047	 208
710.072	 144
721.667	 208
730.064	 144
745.197	 208
758.48	 144
776.418	 208
781.155	 144
788.825	 208
806.645	 144
821.75	 208
831.818	 144
850.614	 144
850.855	 208
881.587	 144
884.706	 208
893.165	 208
907.432	 144
919.758	 208
931.911	 144
942.236	 208
957.904	 144
976.468	 208
989.238	 144
1011.07	 208
1017.66	 144
1018.96	 208
1025.26	 144
1049.69	 208
1057.07	 144
1064.82	 208
1079.41	 144
1093.95	 208
1107.54	 144
1120.35	 208
1135.13	 144
1155.25	 208
1162.31	 144
1176.97	 144
1182.91	 208
1201.29	 208
1209.7	 144
1217.39	 208
1228.25	 144
1248.61	 208
1267.3	 144
1273.55	 208
1284.47	 144
1301.94	 208
1306.27	 144
1329.88	 208
1333.98	 144
1344.91	 208
1353.69	 144
1386.08	 208
1386.69	 144
1398.4	 208
1415.14	 144
1418.59	 208
1433.82	 144
1452.29	 208
1454.23	 144
1481.12	 144
1481.73	 208
1508.51	 208
1511.32	 144
1526.2	 208
1542.61	 144
1548.34	 208
1555.01	 144
1581.58	 208
1588.25	 144
1598.77	 208
1611.84	 144
1625.54	 208
1632.23	 144
1641.63	 208
1659.21	 144
1671.27	 208
1681.35	 144
1707.21	 208
1711.65	 144
1732.7	 208
1738.27	 144
1754.11	 208
1756.78	 144
1768.5	 208
1779.04	 144
1796.59	 208
1808.89	 144
1821.78	 208
1834.7	 144
1855.28	 208
1860.64	 144
1872.79	 208
1883.57	 144
1895.85	 208
1916.52	 144
1925.04	 208
1936.45	 144
1952.51	 208
1957.24	 144
1975.03	 208
1979.38	 144
2000.45	 208
2006.19	 144
2019.53	 208
2031.03	 144
50.9162	 209
55.725	 81
58.65	 17
74.2145	 209
93.275	 81
100.916	 209
112.1	 81
116.375	 17
125.985	 209
136.6	 81
149.271	 209
165.5	 81
182.575	 209
199.66	 209
223.777	 209
249.325	 209
264.66	 209
300.572	 209
320.879	 209
346.922	 209
361.525	 81
381.206	 209
387.475	 81
398.422	 209
424.993	 209
451.49	 209
463.014	 209
495.659	 209
527.734	 209
549.293	 209
575.308	 209
593.643	 209
611.875	 81
626.938	 209
640.35	 81
646.381	 209
670.3	 209
696.617	 209
732.001	 209
752.909	 209
775.211	 209
811.137	 209
822.774	 209
845.715	 209
863.075	 81
879.828	 209
889.975	 81
893.563	 209
914.875	 81
924.385	 209
949.818	 209
967.572	 209
998.423	 209
1019.74	 209
1051.07	 209
1081.31	 209
1097.86	 209
1111.65	 81
1124.95	 209
1137.65	 81
1147.72	 209
1165.45	 81
1174.84	 209
1202.98	 209
1230.69	 209
1242.35	 209
1273.13	 209
1296	 209
1317.11	 209
1357	 209
1359.88	 81
1376.16	 209
1401.78	 209
1416.3	 81
1432.7	 209
1441.39	 209
1484.59	 209
1499.14	 209
1531.4	 209
1555.91	 209
1580.08	 209
1597.31	 209
1605.5	 81
1634.83	 209
1635.45	 81
1648.26	 209
1662.83	 81
1681.14	 209
1694.29	 209
1721.4	 209
1745	 209
1784.91	 209
1792.49	 209
1819.35	 209
1836.58	 81
1846.16	 209
1868.43	 81
1873.37	 209
1903.13	 209
1913.95	 81
1933.36	 209
1945.54	 209
1974.88	 209
2001.17	 209
2026.9	 209
2045.1	 209
49.8527	 210
77.197	 210
99.8527	 210
124.134	 210
149.216	 210
175.801	 210
197.233	 210
221.503	 210
250.921	 210
276.244	 210
301.483	 210
315.163	 210
350.834	 210
384.312	 210
403.204	 210
422.895	 210
435.534	 210
470.011	 210
500.988	 210
521.135	 210
541.278	 210
578.181	 210
605.673	 210
623.285	 210
644.298	 210
681.71	 210
703.718	 210
732.845	 210
745.905	 210
776.971	 210
797.668	 210
825.875	 210
850.276	 210
874.059	 210
899.204	 210
929.853	 210
951.501	 210
967.73	 210
993.303	 210
1024.27	 210
1054.24	 210
1070.45	 210
1096.69	 210
1124.78	 210
1149.7	 210
1172.56	 210
1195.97	 210
1232.72	 210
1245.71	 210
1281.61	 210
1299.42	 210
1322.79	 210
1346.77	 210
1377.17	 210
1397.25	 210
1419.84	 210
1454.91	 210
1483.97	 210
1495.18	 210
1520.82	 210
1554.42	 210
1576.01	 210
1595.78	 210
1628.42	 210
1646.99	 210
1674.8	 210
1696.18	 210
1732.26	 210
1757.22	 210
1775.11	 210
1797.58	 210
1828.51	 210
1844.56	 210
1871.35	 210
1895.51	 210
1917.09	 210
1954.45	 210
1972.09	 210
1998.42	 210
2022.7	 210
49.0563	 211
68.7309	 211
99.0563	 211
115.325	 19
115.775	 83
129.19	 211
148.03	 211
178.201	 211
186.905	 211
232.086	 211
248.45	 211
269.457	 211
298.994	 211
319.208	 211
354.899	 211
372.067	 211
401.325	 211
428.362	 211
448.274	 211
474.892	 211
506.48	 211
526.478	 211
545.259	 211
574.351	 211
598.349	 211
626.018	 211
648.637	 211
674.587	 211
697.078	 211
733.72	 211
752.513	 211
774.944	 211
795.339	 211
833.107	 211
848.537	 211
871.376	 211
896.2	 211
925.891	 211
950.068	 211
985.787	 211
1001.72	 211
1019.83	 211
1050.72	 211
1067.44	 211
1096.74	 211
1124.63	 211
1151.58	 211
1176.7	 211
1205.15	 211
1227.68	 211
1245	 211
1275.14	 211
1290.11	 211
1324.29	 211
1351.12	 211
1378.84	 211
1399.5	 211
1427.84	 211
1455.97	 211
1468.83	 211
1507.29	 211
1521.23	 211
1550.21	 211
1569.72	 211
1599.14	 211
1615.53	 211
1651.96	 211
1674.22	 211
1694.68	 211
1726.08	 211
1752.55	 211
1778.27	 211
1801.5	 211
1824.02	 211
1849.12	 211
1871.78	 211
1899.84	 211
1929	 211
1946.47	 211
1977.14	 211
1995.07	 211
2019.95	 211
2049.91	 211
49.3243	 212
58.0284	 148
71.3186	 212
85.485	 148
99.3243	 212
108.028	 148
115.325	 84
124.334	 212
128.621	 148
143.915	 212
160.422	 148
170.586	 148
173.794	 212
203.93	 212
206.491	 148
232.539	 212
234.345	 148
256.845	 212
259.77	 148
277.315	 212
290.096	 148
299.312	 212
321.435	 148
328.464	 212
336.562	 148
349.531	 212
351.315	 148
376.151	 148
384.819	 212
395.599	 212
403.735	 148
424.698	 212
429.77	 148
449.461	 212
465.918	 148
472.529	 212
479.961	 148
499.699	 212
520.676	 148
528.107	 148
531.392	 212
557.025	 212
558.706	 148
574.397	 212
578.575	 148
602.556	 212
606.07	 148
618.561	 212
635.94	 148
653.927	 212
654.496	 148
675.707	 212
681.71	 148
701.607	 212
710.681	 148
725.329	 212
737.815	 148
751.333	 212
758.483	 148
765.933	 212
785.178	 148
800.16	 212
803.867	 148
822.69	 212
837.095	 148
847.519	 212
852.859	 148
874.07	 212
886.767	 148
895.928	 212
910.784	 148
925.797	 212
926.786	 148
948.582	 212
960.129	 148
973.574	 212
981.573	 148
1005.15	 212
1008.23	 148
1022.02	 212
1025.29	 148
1048.95	 212
1062.85	 148
1063.94	 212
1086.07	 148
1099.11	 212
1101.14	 148
1127.24	 212
1137.64	 148
1146.89	 212
1162.25	 148
1174.35	 212
1177.33	 148
1201.1	 148
1204.3	 212
1214.71	 212
1235.9	 148
1254.57	 212
1258.73	 148
1278.51	 212
1280	 148
1306.16	 212
1309.82	 148
1326.66	 212
1335.46	 148
1340.83	 212
1358.22	 148
1371.65	 212
1390.55	 148
1400.99	 212
1413.47	 148
1428.2	 212
1433.73	 148
1441.38	 212
1452.16	 148
1481.47	 212
1487.97	 148
1495.25	 212
1510.05	 148
1521.33	 212
1535.02	 148
1546.16	 212
1566.74	 148
1576.42	 212
1583.38	 148
1600.48	 212
1611.35	 148
1629.77	 212
1634.77	 148
1655.9	 212
1658.82	 148
1675.88	 212
1681.52	 148
1701.49	 212
1709.44	 148
1725.16	 212
1736.16	 148
1754.64	 212
1757.39	 148
1774.27	 212
1776.76	 148
1793.67	 212
1814.05	 148
1833.24	 148
1835.86	 212
1840.19	 212
1857.74	 148
1867.94	 212
1888.56	 148
1893.19	 212
1912.18	 148
1917.69	 212
1931.25	 148
1946.97	 212
1955.45	 148
1981.55	 148
1983.6	 212
1996.58	 212
2015.74	 148
2016.86	 212
2031.57	 148
47.3684	 213
55.725	 21
80.7094	 213
93.3	 21
97.3684	 213
112.1	 21
130.707	 213
136.575	 21
156.35	 213
165.5	 21
175.199	 213
196.305	 213
224.012	 213
257.911	 213
268.298	 213
301.517	 213
327.081	 213
346.912	 213
361.525	 21
366.193	 213
387.475	 21
393.005	 213
425.271	 213
446.782	 213
472.937	 213
494.592	 213
528.2	 213
555.103	 213
563.791	 213
590.954	 213
611.875	 21
629.981	 213
640.35	 21
649.993	 213
678.613	 213
700.938	 213
721.353	 213
754.472	 213
772.761	 213
806.472	 213
822.973	 213
851.261	 213
863.075	 21
872.213	 213
889.975	 21
901.621	 213
914.875	 21
926.999	 213
943.243	 213
975.032	 213
989.629	 213
1021.56	 213
1053.25	 213
1077.19	 213
1096.65	 213
1111.65	 21
1120.82	 213
1137.65	 21
1154.34	 213
1165.45	 21
1173.64	 213
1203.27	 213
1221.48	 213
1244.41	 213
1269.61	 213
1303.02	 213
1327.96	 213
1353.69	 213
1359.88	 21
1374.9	 213
1397.67	 213
1416.3	 21
1426.63	 213
1449.04	 213
1471.36	 213
1494.3	 213
1525.94	 213
1554.06	 213
1581.02	 213
1605.5	 21
1606.12	 213
1625.38	 213
1635.45	 21
1648.01	 213
1662.83	 21
1669.41	 213
1705.75	 213
1722.34	 213
1744.5	 213
1771.04	 213
1799.57	 213
1824.64	 213
1836.58	 21
1849.04	 213
1868.43	 21
1880.77	 213
1898.18	 213
1913.95	 21
1920.56	 213
1956.43	 213
1974.36	 213
2002.2	 213
2027.48	 213
52.5806	 214
71.9722	 214
102.581	 214
115.775	 86
126.621	 214
152.804	 214
170.672	 214
198.837	 214
225.868	 214
252.023	 214
276.803	 214
304.942	 214
325.707	 214
354.316	 214
372.697	 214
399.896	 214
427.588	 214
443.319	 214
487.836	 214
499.368	 214
528.932	 214
557.6	 214
577.198	 214
598.793	 214
612.658	 214
645.937	 214
676.549	 214
699.549	 214
729.217	 214
756.649	 214
768.471	 214
803.087	 214
816.291	 214
852.165	 214
867.633	 214
909.117	 214
923.118	 214
949.509	 214
976.12	 214
995.218	 214
1025.5	 214
1043.97	 214
1079.17	 214
1099.96	 214
1128.08	 214
1150.98	 214
1178.32	 214
1197.63	 214
1224.8	 214
1253.92	 214
1269.16	 214
1299.41	 214
1326.6	 214
1344.54	 214
1374.33	 214
1394.3	 214
1427.01	 214
1446.86	 214
1475.67	 214
1500.86	 214
1523.62	 214
1551.25	 214
1580.03	 214
1592.49	 214
1627.14	 214
1645.05	 214
1682.37	 214
1700.72	 214
1723.56	 214
1744.76	 214
1778.08	 214
1795.58	 214
1824.3	 214
1842.35	 214
1880.85	 214
1894.44	 214
1920.19	 214
1951.64	 214
1975.2	 214
2002.43	 214
2035.58	 214
54.7065	 215
66.9249	 151
74.9943	 215
80.9622	 151
104.706	 215
116.925	 151
126.273	 215
133.091	 151
148.183	 215
158.207	 151
172.156	 215
182.287	 151
205.727	 215
209.179	 151
232.475	 215
235.648	 151
247.54	 215
265.24	 151
275.642	 215
291.221	 151
297.562	 215
310.259	 151
323.881	 215
331.86	 151
349.883	 215
363.032	 151
379.822	 151
379.936	 215
397.554	 215
415.068	 151
423.869	 215
436.128	 151
454.3	 215
462.415	 151
481.514	 215
484.704	 151
500.739	 151
505.005	 215
517.525	 215
527.035	 151
543.79	 215
553.297	 151
567.005	 215
591.725	 151
593.057	 151
594.81	 215
625.349	 215
636.344	 151
653.236	 215
659.969	 151
678.213	 215
684.972	 151
697.22	 215
707.893	 151
714.554	 215
738.353	 151
747.259	 215
760.2	 151
780.413	 215
783.334	 151
804.94	 215
808.5	 151
826.438	 215
842.523	 151
844.965	 215
857.411	 151
880.278	 215
883.37	 151
899.209	 151
905.949	 215
927.248	 215
933.899	 151
951.621	 151
952.019	 215
976.144	 215
981.22	 151
988.494	 215
1013.34	 151
1027.03	 215
1038.03	 151
1047.49	 215
1055.27	 151
1079.99	 215
1084.1	 151
1094.32	 215
1103.26	 151
1126.07	 215
1137.21	 151
1139.3	 215
1154.08	 151
1167.1	 215
1181.48	 151
1196.9	 215
1204.46	 151
1217.6	 215
1227.75	 151
1252.59	 215
1259.55	 151
1275.9	 215
1285.82	 151
1290.93	 215
1312.91	 151
1333.8	 215
1340.57	 151
1349.69	 215
1354.97	 151
1370.8	 215
1380.49	 151
1400.83	 151
1406.97	 215
1424.39	 215
1428.7	 151
1451.78	 215
1455.65	 151
1479.11	 215
1489.97	 151
1502.93	 215
1510.24	 151
1524.38	 215
1533.01	 151
1555.27	 151
1555.59	 215
1580.16	 151
1582.23	 215
1598.72	 215
1610.17	 151
1615.54	 215
1635.65	 151
1645.45	 215
1664.54	 151
1675.51	 215
1680.07	 151
1704.45	 215
1706.54	 151
1718.51	 215
1734.3	 151
1747.23	 215
1757.57	 151
1772.67	 215
1784.19	 151
1805.64	 215
1809.81	 151
1821.34	 215
1838.9	 151
1850.02	 215
1864.08	 151
1873.07	 151
1875.46	 215
1899.15	 215
1916.24	 151
1927.14	 215
1930.91	 151
1944.5	 215
1954.99	 151
1969.42	 215
1979.51	 151
1997.4	 215
2007.07	 151
2029.13	 215
2036.12	 151
2049.67	 215
50.285	 216
55.725	 88
58.65	 24
78.4291	 216
93.275	 88
100.285	 216
112.1	 88
116.375	 24
125.611	 216
136.575	 88
148.617	 216
165.5	 88
168.869	 216
203.713	 216
224.298	 216
250.81	 216
270.44	 216
294.464	 216
323.667	 216
349.99	 216
361.525	 88
372.599	 216
387.475	 88
399.566	 216
422.99	 216
451.643	 216
477.927	 216
504.154	 216
525.379	 216
549.684	 216
582.008	 216
596.335	 216
611.875	 88
626.87	 216
640.35	 88
655.302	 216
678.084	 216
700.656	 216
720.482	 216
751.003	 216
775.307	 216
793.544	 216
827.251	 216
852.154	 216
863.075	 88
881.973	 216
889.975	 88
893.876	 216
914.875	 88
923.132	 216
949.179	 216
975.576	 216
1002.08	 216
1028.96	 216
1050.7	 216
1073.15	 216
1111.01	 216
1111.65	 88
1126.59	 216
1137.65	 88
1154.5	 216
1164.49	 216
1165.45	 88
1201.15	 216
1222.48	 216
1246.67	 216
1277.35	 216
1300.94	 216
1325.78	 216
1340.58	 216
1359.88	 88
1379.45	 216
1398.71	 216
1416.3	 88
1423.85	 216
1455.27	 216
1472.61	 216
1498.53	 216
1530.1	 216
1544.8	 216
1578.81	 216
1595.95	 216
1605.5	 88
1620.58	 216
1635.45	 88
1649.24	 216
1662.83	 88
1671.51	 216
1694.6	 216
1725.18	 216
1744.39	 216
1778.52	 216
1797.75	 216
1830.81	 216
1836.58	 88
1855.38	 216
1868.43	 88
1878.68	 216
1899.48	 216
1913.95	 88
1928.46	 216
1944.93	 216
1977.4	 216
1999.65	 216
2027.98	 216
2046.51	 216
51.7616	 217
58.65	 25
80.2192	 217
101.762	 217
116.375	 25
135.84	 217
155.901	 217
184.799	 217
196.68	 217
222.826	 217
256.562	 217
270.666	 217
296.305	 217
325.495	 217
349.951	 217
369.927	 217
396.532	 217
421.535	 217
454.185	 217
467.048	 217
497.65	 217
512.734	 217
546.049	 217
577.541	 217
603.816	 217
626.927	 217
652.499	 217
673.664	 217
700.842	 217
725.914	 217
750.961	 217
777.105	 217
805.545	 217
822.933	 217
860.678	 217
877.165	 217
898.666	 217
933.587	 217
947.503	 217
985.609	 217
1004.2	 217
1025.66	 217
1051.7	 217
1070.65	 217
1099.37	 217
1133.48	 217
1143.21	 217
1179.46	 217
1204.23	 217
1228.44	 217
1253.16	 217
1279.71	 217
1301.87	 217
1334.91	 217
1344.08	 217
1365.62	 217
1398.73	 217
1423.78	 217
1452.31	 217
1486.5	 217
1500.54	 217
1533.29	 217
1556.07	 217
1577.51	 217
1605.7	 217
1633.3	 217
1661.09	 217
1676.75	 217
1698.35	 217
1719.94	 217
1749.15	 217
1775.98	 217
1809.09	 217
1826.08	 217
1844.79	 217
1880.04	 217
1897.13	 217
1911.98	 217
1940.01	 217
1962.35	 217
2004.76	 217
2029.33	 217
2049.47	 217
49.7907	 218
55.725	 90
59.475	 26
62.665	 154
78.643	 154
86.5403	 218
93.325	 90
99.7907	 218
112.075	 90
112.665	 154
115.3	 26
123.335	 218
136.6	 90
138.812	 154
145.566	 218
165.5	 90
165.647	 154
174.259	 218
193.081	 154
193.243	 218
212.509	 154
222.31	 218
225.596	 154
250.054	 218
260.952	 154
272.473	 218
293.351	 154
298.623	 218
307.4	 154
320.244	 218
340.735	 154
342.645	 218
361.525	 90
367.44	 154
368.691	 218
378.711	 154
387.475	 90
400.988	 154
403.472	 218
422.027	 218
435.18	 154
451.345	 218
467.277	 154
479.241	 218
480.886	 154
500.094	 218
503.875	 154
515.651	 218
536.962	 154
553.471	 218
557.373	 154
574.518	 218
584.174	 154
601.242	 154
605.133	 218
611.875	 90
619.94	 218
638.802	 154
640.35	 90
645.448	 218
658.155	 154
683.513	 218
685.051	 154
704.48	 218
708.441	 154
726.242	 218
743.294	 154
749.182	 218
760.451	 154
778.762	 218
782.658	 154
796.687	 154
802.032	 218
824.015	 218
836.104	 154
840.881	 218
854.84	 154
863.075	 90
875.833	 218
885.39	 154
890	 90
896.327	 218
908.732	 154
914.875	 90
920.851	 218
932.946	 154
945.261	 218
956.389	 154
982.816	 154
983.12	 218
1000.84	 218
1012.67	 154
1027.01	 218
1035.04	 154
1051.76	 218
1063.21	 154
1072.02	 218
1083.97	 154
1095.13	 218
1110.92	 154
1111.65	 90
1118.44	 218
1137.65	 90
1141.48	 154
1151.24	 218
1162.75	 154
1165.45	 90
1173.4	 218
1176.79	 154
1203.72	 218
1212.91	 154
1223.64	 218
1228.1	 154
1252.38	 218
1257.56	 154
1275.21	 218
1284.78	 154
1301.66	 218
1306.92	 154
1320.43	 218
1338.88	 154
1357.75	 154
1359.88	 90
1360.59	 218
1363.95	 26
1376.48	 218
1377.88	 154
1403.41	 218
1410.84	 154
1416.3	 90
1422.65	 218
1430.97	 154
1457.96	 218
1460.92	 154
1476.36	 218
1489.35	 154
1502.73	 218
1504.37	 154
1530.97	 154
1532.77	 218
1544.76	 218
1563.48	 154
1572.63	 218
1587.75	 154
1599.56	 218
1605.5	 90
1610.41	 154
1628.62	 218
1630.96	 154
1635.45	 90
1654.43	 218
1655.15	 154
1662.83	 90
1670.05	 218
1681.12	 154
1701.98	 154
1703.23	 218
1719.6	 218
1723.99	 154
1752.44	 218
1763.83	 154
1780.32	 218
1786.28	 154
1799.46	 218
1816.51	 218
1817.47	 154
1830.5	 154
1836.58	 90
1851.61	 218
1858.95	 154
1868.48	 90
1874.68	 218
1878.77	 154
1892.52	 218
1913.95	 90
1914.22	 154
1928.07	 218
1933.73	 154
1955.57	 218
1959.23	 154
1970.78	 218
1978.09	 154
1991.82	 218
2007.43	 154
2021.62	 218
2029.45	 154
2048.75	 218
52.6628	 219
81.8072	 219
102.663	 219
123.76	 219
147.418	 219
172.715	 219
203.569	 219
224.481	 219
252.527	 219
274.187	 219
307.526	 219
328.925	 219
350.929	 219
374.459	 219
409.365	 219
421.828	 219
456.697	 219
477.27	 219
497.604	 219
524.568	 219
548.847	 219
578.486	 219
592.691	 219
616.662	 219
650.267	 219
677.159	 219
691.95	 219
722.231	 219
749.254	 219
780.989	 219
807.978	 219
826.554	 219
856.458	 219
878.717	 219
891.489	 219
925.942	 219
948.338	 219
968.583	 219
1002.56	 219
1013.4	 219
1050	 219
1072.9	 219
1091.7	 219
1125.17	 219
1149.3	 219
1174.2	 219
1203	 219
1217.8	 219
1253.79	 219
1281.09	 219
1300.73	 219
1318.09	 219
1361.14	 219
1369.93	 219
1395.41	 219
1429.64	 219
1461.71	 219
1473.45	 219
1493.04	 219
1535.93	 219
1541.35	 219
1575.6	 219
1599.26	 219
1617.05	 219
1653.47	 219
1668.34	 219
1698.66	 219
1734.9	 219
1751.86	 219
1785.46	 219
1798.19	 219
1823.99	 219
1853.23	 219
1862.64	 219
1907.41	 219
1914.91	 219
1947.23	 219
1964.32	 219
2001.05	 219
2032.27	 219
54.0486	 220
55.725	 28
58.45	 92
72.2868	 220
93.275	 28
104.049	 220
112.1	 28
115.65	 92
130.295	 220
136.6	 28
147.978	 220
165.5	 28
181.072	 220
194.13	 220
221.497	 220
251.565	 220
271.555	 220
293.768	 220
329.067	 220
341.615	 220
361.525	 28
367.959	 220
387.475	 28
396.999	 220
432.508	 220
453.324	 220
474.502	 220
507.639	 220
524.036	 220
549.872	 220
581.414	 220
600.498	 220
611.875	 28
618.894	 220
640.35	 28
646.027	 220
670.739	 220
700.1	 220
721.033	 220
746.252	 220
774.787	 220
799.354	 220
818.575	 220
860.067	 220
863.075	 28
872.742	 220
889.975	 28
892.196	 220
914.875	 28
923.566	 220
950.864	 220
971.199	 220
995.053	 220
1023.23	 220
1048.46	 220
1069.25	 220
1103.2	 220
1111.65	 28
1129	 220
1137.65	 28
1153.71	 220
1165.45	 28
1175.3	 220
1192.09	 220
1218.66	 220
1246.91	 220
1271.26	 220
1295.3	 220
1332.34	 220
1352.49	 220
1359.88	 28
1364.78	 92
1376.37	 220
1400.93	 220
1416.3	 28
1422.75	 220
1457.99	 220
1466.12	 220
1491.86	 220
1525.92	 220
1552.99	 220
1575.48	 220
1594.2	 220
1605.5	 28
1623.42	 220
1635.45	 28
1647.8	 220
1662.83	 28
1678.68	 220
1694.1	 220
1727.62	 220
1751.77	 220
1776.42	 220
1795.59	 220
1825.34	 220
1836.58	 28
1840.58	 92
1848.5	 220
1868.43	 28
1871.18	 220
1900.84	 220
1913.95	 28
1926.14	 220
1948.1	 220
1976.77	 220
1999.41	 220
2021.31	 220
45.5585	 221
58.45	 93
79.6774	 221
95.5585	 221
114.675	 29
115.65	 93
120.589	 221
138.6	 29
158.21	 221
176.533	 221
204.49	 221
233.008	 221
243.978	 221
273.866	 221
300.369	 221
328.032	 221
348.151	 221
381.469	 221
406.071	 221
420.702	 221
442.713	 221
477.948	 221
506.571	 221
521.758	 221
544.655	 221
576.279	 221
596.474	 221
627.683	 221
651.773	 221
672.13	 221
702.985	 221
726.572	 221
751.353	 221
774.11	 221
793.123	 221
825.576	 221
846.498	 221
872.877	 221
892.2	 29
907.346	 221
922.29	 221
945.559	 221
972.472	 221
1007.73	 221
1025.71	 221
1047.72	 221
1077.33	 221
1096.84	 221
1123.87	 221
1157.29	 221
1175.72	 221
1202.25	 221
1225.24	 221
1249.65	 221
1280.07	 221
1291.07	 221
1318.09	 221
1348.09	 221
1361.85	 29
1364.78	 93
1375.52	 221
1394.37	 221
1418.69	 221
1452.52	 221
1467.73	 221
1498.83	 221
1530.68	 221
1546.34	 221
1569.19	 221
1599.11	 221
1624.47	 221
1645.19	 221
1679.73	 221
1706.45	 221
1718.05	 221
1750.23	 221
1771.36	 221
1810.69	 221
1821.7	 221
1840.58	 93
1841.55	 29
1847.18	 221
1869.99	 221
1896.64	 221
1927.12	 221
1952.54	 221
1969.42	 221
1994.82	 221
2015.73	 221
2044.7	 221
52.2526	 222
59.475	 30
82.1225	 222
102.253	 222
115.3	 30
125.101	 222
147.791	 222
176.424	 222
202.882	 222
225.474	 222
243.546	 222
275.916	 222
301.85	 222
321.072	 222
343.364	 222
368.502	 222
396.01	 222
425.827	 222
454.749	 222
477.42	 222
499.565	 222
519.973	 222
548.358	 222
578.715	 222
603.379	 222
634.168	 222
649.922	 222
671.965	 222
703.191	 222
716.314	 222
747.679	 222
779.228	 222
803.399	 222
826.047	 222
850.174	 222
874.307	 222
903.598	 222
926.202	 222
957.108	 222
975.144	 222
997.321	 222
1034.01	 222
1052.69	 222
1069.98	 222
1103.31	 222
1123.41	 222
1143.03	 222
1177.37	 222
1197.65	 222
1227.95	 222
1251.96	 222
1271.94	 222
1304.38	 222
1332.36	 222
1354.25	 222
1363.95	 30
1374.04	 222
1400.66	 222
1415.42	 222
1444.28	 222
1469.14	 222
1500.72	 222
1540.61	 222
1544.36	 222
1574.17	 222
1599.82	 222
1626.32	 222
1650.72	 222
1685.84	 222
1705.71	 222
1727.22	 222
1752.02	 222
1773.38	 222
1800.54	 222
1824.01	 222
1845.44	 222
1876.5	 222
1895.54	 222
1932.89	 222
1952.32	 222
1968.02	 222
1997.51	 222
2029.84	 222
44.2298	 223
58.65	 31
71.8536	 223
94.2298	 223
116.375	 31
117.921	 223
156.965	 223
170.745	 223
199.381	 223
215.888	 223
255.587	 223
277.119	 223
300.027	 223
324.915	 223
358.702	 223
364.245	 223
403.376	 223
433.172	 223
445.277	 223
473.596	 223
500.073	 223
522.574	 223
551.337	 223
569.547	 223
592.643	 223
621.755	 223
653.84	 223
675.958	 223
697.222	 223
724.731	 223
746.415	 223
776.095	 223
801.138	 223
831.136	 223
844.607	 223
870.268	 223
898.128	 223
928.342	 223
951.81	 223
972.393	 223
1004.95	 223
1026.18	 223
1047.16	 223
1073.91	 223
1089.75	 223
1137.68	 223
1155.93	 223
1169.17	 223
1203.36	 223
1219.39	 223
1241.7	 223
1273.43	 223
1306.27	 223
1327.37	 223
1352.32	 223
1370.53	 223
1401.74	 223
1425.31	 223
1454.66	 223
1474.82	 223
1487.36	 223
1528.27	 223
1545.8	 223
1578.96	 223
1600.3	 223
1632.06	 223
1652	 223
1673.53	 223
1693.76	 223
1724.79	 223
1749.03	 223
1775.06	 223
1800.53	 223
1826.63	 223
1845.43	 223
1881.5	 223
1894.13	 223
1924.25	 223
1945.28	 223
1979.15	 223
2005.22	 223
2023.42	 223
2043.58	 223
43.4143	 224
70.7444	 224
93.4143	 224
127.868	 224
145.067	 224
170.732	 224
197.253	 224
218.285	 224
242.492	 224
277.652	 224
301.517	 224
327.238	 224
352.463	 224
371.625	 224
408.909	 224
438.106	 224
446.804	 224
475.179	 224
504.478	 224
517.794	 224
543.679	 224
577.978	 224
601.757	 224
626.833	 224
654.244	 224
673.089	 224
698.808	 224
731.674	 224
748.33	 224
768.874	 224
796.127	 224
832.562	 224
849.329	 224
877.541	 224
906.591	 224
928.171	 224
947.42	 224
969.044	 224
1010.73	 224
1030.2	 224
1049.25	 224
1067.67	 224
1103.19	 224
1129.48	 224
1148.01	 224
1184.6	 224
1201.8	 224
1220.24	 224
1249.42	 224
1275.56	 224
1291	 224
1320.89	 224
1348.36	 224
1379.5	 224
1401.67	 224
1426.98	 224
1454.52	 224
1478.64	 224
1495.13	 224
1526.14	 224
1545.72	 224
1575.69	 224
1604.88	 224
1626.66	 224
1649.89	 224
1669.85	 224
1695.66	 224
1719.18	 224
1741.83	 224
1776.37	 224
1807.07	 224
1820.97	 224
1862.91	 224
1874.41	 224
1893.7	 224
1924.85	 224
1946.04	 224
1976.97	 224
1992.18	 224
2030.01	 224
2040	 224
62.1681	 161
73.0367	 225
80.965	 161
88.7665	 225
106.508	 225
112.168	 161
115.6	 33
121.462	 225
128.177	 161
136.675	 225
159.782	 161
192.689	 161
210.636	 161
233.492	 161
258.039	 161
284.595	 161
315.647	 161
323.037	 225
336.016	 161
344.08	 225
356.485	 161
375.253	 225
382.383	 161
397.061	 225
416.538	 161
425.562	 161
458.983	 161
484.174	 161
505.94	 161
540.078	 161
562.81	 161
573.037	 225
588.03	 161
589.271	 225
603.432	 225
608.14	 161
615.559	 225
629.7	 225
635.804	 161
643.658	 225
656.161	 225
664.106	 161
687.078	 161
703.108	 161
730.861	 161
754.019	 161
786.349	 161
809.003	 161
823.037	 225
830.973	 161
835.678	 225
852.145	 225
858.85	 161
865.07	 225
881.12	 225
881.701	 161
894.233	 225
903.478	 161
930.571	 161
963.967	 161
991.776	 161
1007.55	 161
1033.7	 161
1057.1	 161
1073.04	 225
1085.78	 161
1087.19	 225
1103.74	 225
1106.6	 161
1120.03	 225
1132.78	 161
1133.61	 225
1159.05	 161
1177.4	 161
1203.67	 161
1230.94	 161
1255.38	 161
1286.54	 161
1304.61	 161
1323.04	 225
1335.18	 225
1339.01	 161
1350.97	 225
1356.26	 161
1369.99	 225
1384.64	 225
1386.99	 161
1398.32	 225
1412.34	 161
1429.76	 161
1463.71	 161
1482.74	 161
1514.3	 161
1545.47	 161
1559.88	 161
1573.04	 225
1579.63	 161
1593.79	 225
1606.72	 161
1610.8	 225
1626.17	 225
1639.45	 161
1647.18	 225
1670.22	 161
1681.88	 161
1707.28	 161
1738.01	 161
1767.54	 161
1783.36	 161
1807.82	 161
1823.04	 225
1835.03	 161
1839.6	 225
1860.6	 225
1862.15	 161
1884.68	 161
1888.39	 225
1908.04	 161
1936.61	 161
1958.29	 161
1989.23	 161
2011.35	 161
2026.34	 161
51.1743	 162
71.4265	 226
74.5178	 162
89.5637	 226
101.174	 162
125.028	 226
132.792	 162
146.847	 226
166.056	 162
178.515	 162
212.733	 162
225.588	 162
263.504	 162
283.87	 162
304.468	 162
321.426	 226
336.338	 162
337.113	 226
364.508	 162
365.49	 226
379.442	 226
385.226	 162
399.65	 226
408.323	 162
439.471	 162
462.884	 162
483.53	 162
518.363	 162
538.89	 162
552.158	 162
571.426	 226
580.232	 162
585.307	 226
603.167	 226
605.445	 162
617.546	 226
638.674	 162
638.858	 226
661.502	 162
692.425	 162
706.987	 162
731.202	 162
757.391	 162
780.728	 162
808.799	 162
821.426	 226
834.114	 226
838.444	 162
847.68	 226
856.53	 162
885.597	 226
890.492	 162
911.219	 162
931.705	 162
962.762	 162
984.623	 162
1001.8	 162
1023.28	 162
1061.5	 162
1071.43	 226
1083.43	 162
1092.39	 226
1117.74	 226
1117.85	 162
1131.76	 226
1132.66	 162
1156.3	 162
1186.67	 162
1212.48	 162
1235.06	 162
1255.7	 162
1284.72	 162
1309.79	 162
1321.43	 226
1325.8	 162
1336.01	 226
1360.9	 162
1360.96	 226
1376.93	 226
1394.37	 226
1394.99	 162
1415.69	 162
1425.9	 162
1463.85	 162
1482.24	 162
1499.22	 162
1525.08	 162
1552.25	 162
1571.43	 226
1585.71	 226
1586.71	 162
1600.69	 226
1612.33	 162
1630.66	 226
1642.66	 162
1648.31	 226
1660.01	 162
1685.91	 162
1708.12	 162
1737.12	 162
1754.8	 162
1788.28	 162
1803.98	 162
1821.43	 226
1832.59	 162
1841.02	 226
1850.26	 162
1853.07	 226
1869.17	 226
1876.85	 162
1885.42	 226
1902.83	 226
1910.14	 162
1935.45	 162
1956.12	 162
1981.86	 162
1998.5	 162
2034.23	 162
55.725	 35
58.65	 99
91.5837	 227
93.3	 35
109.349	 227
112.1	 35
116.375	 99
134.252	 227
136.575	 35
147.592	 227
162.83	 227
165.5	 35
341.584	 227
359.047	 227
361.525	 35
387.475	 35
403.867	 227
418.52	 227
591.584	 227
610.995	 227
611.875	 35
640.35	 35
644.387	 227
661.636	 227
841.584	 227
859.094	 227
863.075	 35
876.098	 227
889.975	 35
891.056	 227
914.875	 35
924.346	 227
1091.58	 227
1108.28	 227
1111.65	 35
1134.52	 227
1137.65	 35
1151.62	 227
1165.45	 35
1166.6	 227
1341.58	 227
1359.88	 35
1366.89	 227
1379.02	 227
1394.07	 227
1407.53	 227
1416.3	 35
1591.58	 227
1604.36	 227
1605.5	 35
1618.52	 227
1635.45	 35
1641.7	 227
1654.54	 227
1662.83	 35
1836.58	 35
1841.58	 227
1866.58	 227
1868.43	 35
1881.6	 227
1896.84	 227
1913.95	 35
1919.46	 227
52.5808	 164
57.925	 100
64	 100
75.9018	 164
76.2183	 228
97.8529	 228
102.581	 164
113.509	 228
125.712	 228
134.061	 164
155.969	 228
156.388	 164
196.582	 164
213.094	 164
232.15	 100
234.299	 164
258.2	 164
260.525	 100
284.145	 164
290.05	 100
308.092	 164
314.25	 100
326.218	 228
331.591	 164
357.378	 164
357.774	 228
371.423	 228
393.901	 164
404.027	 228
406.527	 164
428.216	 164
453.917	 164
467.85	 100
492.575	 100
495.429	 164
500.736	 164
517.275	 100
533.187	 164
542.25	 100
558.06	 164
565	 100
576.218	 228
584.266	 164
599.639	 228
612.484	 228
616.245	 164
627.005	 164
627.917	 228
657.024	 164
678.276	 164
709.715	 164
719.925	 100
735.228	 164
746.35	 100
756.875	 164
769.525	 100
790.748	 164
791.025	 100
812.169	 164
814.35	 100
826.218	 228
827.709	 164
839.089	 228
851.643	 228
861.515	 164
867.016	 228
879.858	 228
889.098	 164
899.855	 228
911.083	 164
928.79	 164
956.486	 164
982.585	 164
990.075	 100
1007.24	 164
1014.65	 100
1035.98	 164
1038.05	 100
1051.3	 164
1063.55	 100
1076.22	 228
1077.43	 164
1093.99	 228
1107.6	 228
1113.03	 164
1122.28	 228
1135.72	 228
1139.37	 164
1155.84	 164
1187.22	 164
1205.28	 164
1223.35	 100
1234.07	 164
1251.5	 100
1255	 164
1278.63	 100
1285.46	 164
1304.23	 100
1306.4	 164
1326.22	 228
1329.13	 164
1338.29	 228
1354.08	 228
1357.42	 164
1378.11	 228
1380.38	 164
1394.39	 228
1412.22	 164
1432.92	 164
1463.97	 164
1468.43	 100
1491.07	 164
1494.05	 100
1515.01	 164
1518.23	 100
1530.74	 164
1540.43	 100
1557.12	 164
1564.8	 100
1576.22	 228
1583.42	 164
1591.24	 228
1605.16	 164
1608.73	 228
1626.39	 164
1626.78	 228
1641.99	 228
1657.63	 164
1684.39	 164
1707.34	 164
1725.43	 100
1738.33	 164
1751.6	 100
1769.73	 164
1769.74	 164
1778.65	 100
1805.95	 100
1810.01	 164
1826.22	 228
1835.08	 164
1843	 228
1857.25	 164
1863.88	 228
1889.42	 164
1889.65	 228
1906.42	 228
1907.53	 164
1932.48	 164
1958.44	 164
1965.95	 100
1979.11	 164
1993.6	 100
2009.63	 164
2018.1	 100
2039.8	 100
2041.73	 164
57.925	 101
64	 101
77.2757	 229
97.5521	 229
115.6	 37
117.389	 229
130.809	 229
150.374	 229
232.15	 101
260.525	 101
290.05	 101
314.25	 101
327.276	 229
349.425	 229
368.732	 229
393.649	 229
406.241	 229
467.85	 101
492.575	 101
517.275	 101
542.25	 101
565	 101
577.276	 229
606.667	 229
624.963	 229
648.662	 229
719.925	 101
746.35	 101
769.525	 101
791.025	 101
814.35	 101
827.276	 229
840.292	 229
856.099	 229
875.533	 229
892.464	 229
907.304	 229
990.075	 101
1014.65	 101
1038.05	 101
1063.55	 101
1077.28	 229
1089.38	 229
1102.33	 229
1117.49	 229
1129.55	 229
1148.61	 229
1223.35	 101
1251.5	 101
1278.63	 101
1304.23	 101
1327.28	 229
1346.8	 229
1363.53	 229
1388.23	 229
1468.43	 101
1494.05	 101
1518.23	 101
1540.43	 101
1564.8	 101
1577.28	 229
1592.12	 229
1628.97	 229
1655.82	 229
1725.43	 101
1751.6	 101
1778.65	 101
1805.95	 101
1827.28	 229
1841.68	 229
1867.8	 229
1885.14	 229
1900.59	 229
1965.95	 101
1993.6	 101
2018.1	 101
2039.8	 101
55.725	 38
58.15	 102
64.05	 102
71.3471	 230
88.3026	 230
93.275	 38
112.1	 38
117.684	 230
136.575	 38
144.453	 230
165.5	 38
221.225	 102
243.9	 102
266.725	 102
294.3	 102
319.35	 102
321.347	 230
343.728	 230
361.525	 38
376.529	 230
387.475	 38
467.65	 102
491.65	 102
518.075	 102
544.775	 102
567.55	 102
571.347	 230
586.432	 230
611.875	 38
615.737	 230
640.35	 38
653.894	 230
717.125	 102
743.275	 102
766.575	 102
790.25	 102
814.775	 102
821.347	 230
833.769	 230
849.864	 230
863.075	 38
864.945	 230
882.252	 230
889.975	 38
895.035	 230
914.875	 38
970.975	 102
996.575	 102
1020.28	 102
1042.2	 102
1069.8	 102
1071.35	 230
1091.32	 230
1111.17	 230
1111.65	 38
1129.39	 230
1137.65	 38
1149.8	 230
1165.45	 38
1217.83	 102
1243.25	 102
1268.55	 102
1292.3	 102
1316.18	 102
1321.35	 230
1347.18	 230
1359.88	 38
1360.67	 230
1375.72	 230
1388.43	 230
1401.83	 230
1416.3	 38
1466.3	 102
1491.5	 102
1517.7	 102
1541.15	 102
1567.08	 102
1571.35	 230
1589.51	 230
1605.5	 38
1606.84	 230
1624.02	 230
1635.45	 38
1645.4	 230
1662.83	 38
1718.55	 102
1744.9	 102
1774.4	 102
1800.88	 102
1821.35	 230
1836.58	 38
1840.91	 230
1860.36	 230
1868.43	 38
1872.88	 230
1913.95	 38
1965.4	 102
1991.8	 102
2017.95	 102
2040.48	 102
55.725	 39
55.9936	 167
58.2	 103
76.4716	 167
81.9902	 231
93.3	 39
95.925	 103
105.994	 167
107.996	 231
112.1	 39
114.175	 103
118.925	 103
120.584	 231
130.812	 167
136.575	 39
136.95	 103
145.35	 103
146.837	 231
151.865	 167
165.5	 39
167.675	 103
183.362	 167
190.1	 103
212.668	 167
217.35	 103
237.938	 167
256.341	 167
284.358	 167
305.278	 167
331.99	 231
341.916	 167
347.15	 103
350.17	 167
351.182	 231
361.525	 39
364.125	 103
375.931	 231
383.302	 167
387.475	 39
388.275	 103
398.221	 231
404.3	 103
409.041	 167
432.204	 167
435.475	 103
461.287	 167
465.375	 103
484.026	 167
504.039	 167
536.215	 167
565.434	 167
581.99	 231
587.101	 167
594.263	 231
607.175	 103
608.419	 167
611.875	 39
615.9	 103
617.704	 231
631.695	 231
639.404	 167
640.35	 39
641.825	 103
650.969	 231
656.874	 167
659.05	 103
664.566	 231
684.221	 167
689.9	 103
703.488	 167
716.375	 103
729.515	 167
756.044	 167
779.881	 167
807.057	 167
831.241	 167
831.99	 231
847.4	 231
856.725	 103
857.897	 167
863.075	 39
863.207	 231
866.5	 103
879.724	 231
889.975	 39
891.152	 167
891.6	 103
901.775	 103
906.927	 231
912.337	 167
914.875	 39
917.25	 103
933.593	 167
938.15	 103
959.353	 167
966.55	 103
986.965	 167
1008.31	 167
1030.47	 167
1065.09	 167
1080.86	 167
1081.99	 231
1095.38	 103
1098.44	 231
1106.69	 167
1111.65	 39
1114.18	 103
1114.77	 231
1131.89	 231
1136.72	 167
1137.65	 39
1139.18	 103
1155.33	 167
1163.88	 103
1165.45	 39
1171.43	 103
1178.32	 167
1194.6	 103
1202.53	 167
1218.2	 103
1239.84	 167
1255.67	 167
1280.76	 167
1312.62	 167
1329.96	 167
1331.99	 231
1340.75	 103
1346.73	 231
1354	 167
1359.88	 39
1362.13	 103
1363.11	 231
1369.9	 103
1373.66	 167
1395.85	 103
1402.34	 231
1413.02	 167
1416.3	 39
1418.35	 103
1428.55	 167
1437.98	 103
1467.66	 167
1467.7	 103
1486.61	 167
1510.61	 167
1520.76	 167
1553.32	 167
1581.99	 231
1591.39	 167
1602.85	 231
1605.1	 103
1605.5	 39
1613.52	 167
1613.65	 103
1622.88	 231
1627.47	 167
1635.45	 39
1637.55	 103
1639.61	 231
1654.8	 231
1662.53	 103
1662.83	 39
1665.32	 167
1671.73	 103
1687.09	 167
1695.38	 103
1713.61	 167
1718.43	 103
1732.93	 167
1758.61	 167
1779.3	 167
1802.25	 167
1828.5	 167
1831.99	 231
1836.58	 39
1838.85	 103
1850.39	 231
1853.95	 103
1858.67	 167
1868.43	 39
1870.9	 103
1872.51	 231
1882.48	 167
1888.21	 231
1890.53	 103
1907.38	 231
1909.04	 167
1913.95	 39
1916.03	 103
1933.86	 167
1939.35	 103
1961.25	 167
1963.73	 103
1999.69	 167
1999.7	 167
2032.1	 167
59.8	 40
59.825	 104
87.5638	 232
97.625	 104
107.868	 232
113.725	 40
118.55	 104
123.859	 232
143.025	 104
145.768	 232
169.077	 232
173.475	 104
287.025	 104
337.564	 232
350.179	 232
367.75	 104
368.162	 232
382.682	 232
396.2	 104
404.461	 232
418.645	 232
539.55	 104
587.564	 232
605.773	 232
618.475	 232
618.575	 104
636.291	 232
648.579	 232
648.8	 104
662.214	 232
831.05	 104
837.564	 232
851.741	 232
866.253	 232
871.1	 104
892.6	 40
896.524	 232
897.9	 104
924.45	 104
1087.56	 232
1105.01	 232
1117.02	 232
1118.33	 104
1135.03	 232
1146.93	 104
1156.39	 232
1175.13	 104
1337.56	 232
1351.15	 232
1362.7	 40
1365.98	 104
1366.62	 232
1408.26	 232
1423.78	 104
1587.56	 232
1607.37	 232
1612.38	 104
1625.91	 232
1637.38	 40
1643.6	 104
1649.56	 232
1662.49	 232
1672.43	 104
1837.56	 232
1843.48	 104
1851.35	 232
1866.63	 232
1877.18	 104
1884.71	 232
1918.07	 232
1922.38	 104
84.235	 233
106.518	 233
121.542	 233
140.81	 233
154.847	 233
334.235	 233
349.04	 233
393.734	 233
415.998	 233
584.235	 233
620.428	 233
633.013	 233
654.838	 233
834.235	 233
851.661	 233
866.977	 233
886.164	 233
904.222	 233
1084.23	 233
1100.7	 233
1123.17	 233
1145.92	 233
1334.23	 233
1346.92	 233
1368.98	 233
1383.94	 233
1406.93	 233
1584.23	 233
1597.61	 233
1614.02	 233
1636.67	 233
1658.74	 233
1834.23	 233
1847.89	 233
1865.03	 233
1890.57	 233
1902.99	 233
59.1787	 106
80.9666	 106
103.768	 234
109.179	 106
120.799	 234
132.697	 106
133.72	 234
160.347	 106
180.787	 234
185.676	 106
212.1	 106
235.615	 106
252.169	 106
285.747	 106
314.391	 106
332.917	 106
353.768	 234
358.511	 106
380.039	 106
380.223	 234
407.548	 106
412.069	 234
424.668	 106
457.878	 106
482.09	 106
516.162	 106
539.546	 106
554.024	 106
574.946	 106
603.768	 234
616.014	 106
619.7	 234
629.334	 106
634.957	 234
657.589	 234
658.891	 106
673.187	 234
678.937	 106
715.077	 106
731.922	 106
751.844	 106
783.742	 106
811.313	 106
837.873	 106
853.768	 234
862.263	 106
871.223	 234
887.398	 106
908.121	 234
911.631	 106
925.015	 234
928.662	 106
963.255	 106
987.918	 106
1007.07	 106
1033.26	 106
1064.8	 106
1085.92	 106
1103.77	 234
1113.35	 106
1126.63	 234
1134.06	 106
1158.7	 234
1164.45	 106
1181.44	 234
1183.84	 106
1208.23	 106
1233.84	 106
1262.97	 106
1287.5	 106
1297.89	 106
1331.26	 106
1353.77	 234
1354.67	 106
1372.32	 234
1377.5	 106
1389.44	 234
1402.58	 106
1402.66	 234
1420.75	 234
1447.16	 106
1463.49	 106
1483.56	 106
1510.14	 106
1532.61	 106
1555.23	 106
1599.77	 106
1603.77	 234
1619.68	 106
1624.11	 234
1631.34	 106
1637.45	 234
1649.88	 234
1651.25	 106
1663.56	 234
1678.72	 234
1688.02	 106
1704.93	 106
1731.14	 106
1772.36	 106
1784.76	 106
1803.21	 106
1831.29	 106
1853.77	 234
1862.41	 106
1875.21	 234
1887.23	 106
1891.48	 234
1908.14	 234
1909.19	 106
1929.24	 234
1936.96	 106
1957.93	 106
1985.43	 106
2004.97	 106
2022.37	 106
55.725	 43
62.5062	 107
81.1211	 107
93.275	 43
112.1	 43
112.506	 107
132.145	 107
136.6	 43
155.165	 107
165.5	 43
181.734	 107
198.587	 107
236.111	 107
262.481	 107
280.684	 107
309.658	 107
333.716	 107
361.525	 43
362.014	 107
386.217	 107
387.475	 43
401.315	 107
437.513	 107
460.662	 107
486.979	 107
516.778	 107
531.363	 107
561.033	 107
584.485	 107
610.692	 107
611.875	 43
635.281	 107
640.35	 43
645.72	 107
688.687	 107
711.591	 107
742.804	 107
762.492	 107
787.34	 107
816.466	 107
836.891	 107
856.934	 107
863.075	 43
882.239	 107
889.975	 43
906.759	 107
914.875	 43
932.579	 107
961.358	 107
979.117	 107
1011.55	 107
1021.62	 107
1047.47	 107
1080.72	 107
1111.65	 43
1113.05	 107
1137.65	 43
1141.66	 107
1161.15	 107
1165.45	 43
1191.22	 107
1208.61	 107
1230.49	 107
1253.89	 107
1281.98	 107
1318.11	 107
1333.19	 107
1359.88	 43
1363.97	 107
1386.52	 107
1411.49	 107
1416.3	 43
1434.38	 107
1450.04	 107
1481.34	 107
1510.01	 107
1531.98	 107
1558.29	 107
1586.33	 107
1605.5	 43
1616.96	 107
1630.98	 107
1635.45	 43
1653.55	 107
1662.83	 43
1691.1	 107
1715.23	 107
1742.42	 107
1760.78	 107
1781.67	 107
1802.57	 107
1825.97	 107
1836.58	 43
1854.67	 107
1868.43	 43
1873.86	 107
1907.91	 107
1913.95	 43
1933.5	 107
1955.91	 107
1981.59	 107
2005.01	 107
2035.6	 107
115.6	 44
115.775	 45
55.725	 46
93.3	 46
112.1	 46
136.575	 46
165.5	 46
361.525	 46
387.475	 46
611.875	 46
640.35	 46
863.075	 46
889.975	 46
914.875	 46
1111.65	 46
1137.65	 46
1165.45	 46
1359.88	 46
1416.3	 46
1605.5	 46
1635.45	 46
1662.83	 46
1836.58	 46
1868.43	 46
1913.95	 46
115.6	 47
58.307	 112
59.8	 48
82.1593	 112
108.307	 112
113.725	 48
134.63	 112
158.189	 112
192.293	 112
217.164	 112
236.555	 112
251.376	 112
282.062	 112
312	 112
332.79	 112
352.294	 112
378.461	 112
413.722	 112
436.432	 112
459.657	 112
479.911	 112
504.394	 112
539.552	 112
559.463	 112
570.868	 112
607.091	 112
636.729	 112
649.797	 112
677.982	 112
717.819	 112
738.365	 112
759.26	 112
785.38	 112
806.693	 112
841.939	 112
862.428	 112
887.519	 112
892.6	 48
910.14	 112
941.968	 112
949.978	 112
994.289	 112
1006.71	 112
1033.18	 112
1055.77	 112
1081.81	 112
1104.67	 112
1131.43	 112
1164.46	 112
1179.42	 112
1211.09	 112
1231.53	 112
1249.29	 112
1285.34	 112
1302.76	 112
1345.1	 112
1358.22	 112
1362.7	 48
1389.76	 112
1411.05	 112
1432.57	 112
1465.2	 112
1489.85	 112
1502.97	 112
1531.24	 112
1550.01	 112
1575.24	 112
1600.83	 112
1628.07	 112
1637.38	 48
1656.05	 112
1678.33	 112
1710.07	 112
1740.88	 112
1763.5	 112
1776.66	 112
1811.79	 112
1833.64	 112
1852.66	 112
1890.76	 112
1908.03	 112
1938.69	 112
1956.69	 112
1972.45	 112
2015.59	 112
2035.28	 112
55.725	 49
93.275	 49
112.1	 49
136.6	 49
165.5	 49
361.525	 49
387.475	 49
611.875	 49
640.35	 49
863.075	 49
889.975	 49
914.875	 49
1111.65	 49
1137.65	 49
1165.45	 49
1359.88	 49
1416.3	 49
1605.5	 49
1635.45	 49
1662.83	 49
1836.58	 49
1868.43	 49
1913.95	 49
59.025	 50
115.175	 50
1361.93	 50
50.7159	 116
86.6916	 116
100.716	 116
133.701	 116
165.239	 116
177.962	 116
208.011	 116
239.652	 116
261.329	 116
295.908	 116
315.395	 116
336.316	 116
348.521	 116
384.537	 116
407.886	 116
434.427	 116
455.591	 116
483.105	 116
514.733	 116
543.776	 116
551.332	 116
586.666	 116
612.804	 116
635.331	 116
657.701	 116
681.501	 116
717.222	 116
728.134	 116
752.481	 116
781.495	 116
807.433	 116
835.418	 116
858.386	 116
888.329	 116
907.157	 116
932.499	 116
964.275	 116
982.352	 116
1019.32	 116
1029.87	 116
1057.07	 116
1083.3	 116
1111.01	 116
1140.31	 116
1158.68	 116
1173.09	 116
1203.53	 116
1230.49	 116
1263.76	 116
1294.82	 116
1309.9	 116
1332.76	 116
1356.75	 116
1382.35	 116
1412.17	 116
1437.75	 116
1462.73	 116
1479.93	 116
1509.18	 116
1537.16	 116
1565.92	 116
1583.37	 116
1603.96	 116
1636.82	 116
1664.83	 116
1682.3	 116
1698.68	 116
1736.4	 116
1750.75	 116
1784.23	 116
1807.89	 116
1827.24	 116
1856.79	 116
1880.12	 116
1914.02	 116
1931.78	 116
1958.24	 116
1991.59	 116
2013.43	 116
2030.81	 116
54.4427	 183
58	 55
77.8166	 183
104.443	 183
114.6	 55
138.575	 183
148.816	 183
187.986	 183
214.21	 183
228.941	 183
259.026	 183
286.002	 183
304.888	 183
332.568	 183
356.932	 183
378.222	 183
413.709	 183
425.774	 183
453.413	 183
483.402	 183
501.324	 183
540.879	 183
561.414	 183
589.799	 183
605.517	 183
630.517	 183
644.1	 55
650.537	 183
685.253	 183
701.315	 183
742.678	 183
756.699	 183
779.324	 183
808.137	 183
830.943	 183
863.294	 183
878.694	 183
893.9	 55
907.433	 183
932.78	 183
968.438	 183
980.117	 183
1011.24	 183
1029.81	 183
1047.08	 183
1080.03	 183
1101.01	 183
1116.7	 55
1131.72	 183
1159.31	 183
1190.47	 183
1214.95	 183
1240.47	 183
1255.38	 183
1290.97	 183
1312.11	 183
1331.45	 183
1359.01	 183
1362.45	 55
1388.78	 183
1413.27	 183
1419.28	 55
1446.89	 183
1455.61	 183
1484.26	 183
1507.92	 183
1530.7	 183
1561.21	 183
1585.26	 183
1597.71	 183
1629.75	 183
1661	 183
1671.26	 183
1707.2	 183
1735.98	 183
1769.28	 183
1786.66	 183
1817.06	 183
1839.33	 55
1843.22	 183
1863.03	 183
1882.64	 183
1908.36	 183
1938.45	 183
1959.19	 183
1978.65	 183
2002.55	 183
2034.87	 183
55.725	 56
93.325	 56
112.075	 56
136.6	 56
165.5	 56
361.525	 56
387.475	 56
611.875	 56
640.35	 56
863.075	 56
890	 56
914.875	 56
1111.65	 56
1137.65	 56
1165.45	 56
1359.88	 56
1416.3	 56
1605.5	 56
1635.45	 56
1662.83	 56
1836.58	 56
1868.48	 56
1913.95	 56
55.725	 57
93.275	 57
112.1	 57
136.575	 57
165.5	 57
361.525	 57
387.475	 57
611.875	 57
640.35	 57
863.075	 57
889.975	 57
914.875	 57
1111.65	 57
1137.65	 57
1165.45	 57
1359.88	 57
1416.3	 57
1605.5	 57
1635.45	 57
1662.83	 57
1836.58	 57
1868.43	 57
1913.95	 57
51.5362	 186
58.65	 58
93.1349	 186
101.536	 186
116.425	 58
142.254	 186
164.117	 186
187.14	 186
208.048	 186
232.732	 186
257.799	 186
284.808	 186
316.994	 186
332.644	 186
357.042	 186
391.674	 186
400.956	 186
439.411	 186
473.102	 186
484.257	 186
511.55	 186
530.237	 186
559.285	 186
576.917	 186
615.407	 186
637.36	 186
657.11	 186
683.633	 186
708.56	 186
738.195	 186
767.706	 186
778.368	 186
801.636	 186
828.279	 186
863.859	 186
884.361	 186
906.363	 186
931.688	 186
956.051	 186
980.873	 186
1006.35	 186
1031.05	 186
1063.67	 186
1075.41	 186
1105.44	 186
1133.03	 186
1164.59	 186
1184.76	 186
1217.85	 186
1231.43	 186
1254.55	 186
1280.98	 186
1306.16	 186
1336.92	 186
1354.36	 186
1376.44	 186
1399.64	 186
1443.4	 186
1455.52	 186
1487.33	 186
1516.69	 186
1543.46	 186
1563.77	 186
1588.63	 186
1609.03	 186
1636.27	 186
1655.42	 186
1683.17	 186
1712.65	 186
1714.65	 186
1758.11	 186
1791.54	 186
1805.9	 186
1831.38	 186
1866.57	 186
1888.31	 186
1902.98	 186
1935.19	 186
1959.55	 186
1982.37	 186
2006.18	 186
2033.49	 186
55.725	 59
93.275	 59
112.1	 59
136.6	 59
165.5	 59
361.525	 59
387.475	 59
611.875	 59
640.35	 59
863.075	 59
889.975	 59
914.875	 59
1111.65	 59
1137.65	 59
1165.45	 59
1359.88	 59
1416.3	 59
1605.5	 59
1635.45	 59
1662.83	 59
1836.58	 59
1868.43	 59
1913.95	 59
55.725	 62
58.9802	 126
87.5032	 126
93.275	 62
108.98	 126
112.1	 62
129.494	 126
136.6	 62
162.303	 126
165.5	 62
176.483	 126
211.659	 126
229.258	 126
259.391	 126
279.987	 126
309.457	 126
345.726	 126
357.076	 126
361.525	 62
382.348	 126
387.475	 62
404.686	 126
432.207	 126
461.149	 126
493.044	 126
510.714	 126
537.195	 126
557.482	 126
582.06	 126
606.917	 126
611.875	 62
632.23	 126
640.35	 62
661.219	 126
679.476	 126
708.698	 126
731.362	 126
769.656	 126
787.643	 126
814.516	 126
844.912	 126
854.94	 126
863.075	 62
875.762	 126
889.975	 62
905.888	 126
914.875	 62
941.888	 126
963.334	 126
989.769	 126
1006.36	 126
1035.06	 126
1052.16	 126
1088.44	 126
1111.18	 126
1111.65	 62
1133.73	 126
1137.65	 62
1165.45	 62
1167.45	 126
1189.47	 126
1208.37	 126
1235.36	 126
1265.37	 126
1287.18	 126
1309.11	 126
1330.44	 126
1350.47	 126
1359.88	 62
1391.53	 126
1411.22	 126
1416.3	 62
1428.69	 126
1456.47	 126
1478.18	 126
1497.25	 126
1535.67	 126
1568.38	 126
1583.84	 126
1605.5	 62
1609.52	 126
1635.45	 62
1636.84	 126
1652.03	 126
1662.83	 62
1683.69	 126
1706.13	 126
1729.38	 126
1755.73	 126
1782.31	 126
1815.23	 126
1826.76	 126
1836.58	 62
1852.94	 126
1868.43	 62
1883.24	 126
1905.6	 126
1913.95	 62
1933.84	 126
1960.29	 126
1979.37	 126
2009.05	 126
2033.05	 126
58.55	 63
114.375	 63
138.575	 63
893.025	 63
1363	 63
1840.18	 63
